0.000000	12.796681	Introduction
12.796681	720.611208	Chapter 1
720.611208	1684.359345	Chapter 2
1684.359345	2307.235533	Chapter 3
2307.235533	3222.041587	Chapter 4
3222.041587	3981.041587	Chapter 5
3981.041587	4412.041587	Chapter 6
4412.041587	5153.041587	Chapter 7
5153.041587	5666.041587	Chapter 8
5666.041587	6604.041587	Chapter 9
6604.041587	7321.043569	Chapter 10
7321.041587	8045.689161	Chapter 11
8045.689161	8785.689161	Chapter 12
8785.689161	9806.903163	Chapter 13
9806.903163	10407.414988	Chapter 14
10407.414988	11548.333018	Chapter 15
11548.333018	12462.587235	Chapter 16
12462.587235	13232.080867	Chapter 17
13232.080867	13794.836519	Chapter 18
13794.836519	14541.836519	Chapter 19
14541.836519	15471.544703	Chapter 20
15471.544703	16097.544703	Chapter 21
16097.544703	17188.544703	Chapter 22
17188.544703	17704.544703	Chapter 23
17704.544703	18839.025486	Chapter 24
18839.025486	19476.025486	Chapter 25
19476.025486	20066.025486	Chapter 26
20066.025486	20951.025486	Chapter 27
20951.025486	21815.953966	Chapter 28
21815.953966	22308.633624	Chapter 29
22308.633624	22720.633624	Chapter 30
22720.633624	23167.633624	Chapter 31
23167.633624	23682.345346	Chapter 32
23682.345346	24423.016618	Afterword
24423.016618	25947.521859	Appendix
25947.521859	25978.512421	End Credits
